3,2
3,1
3,3
10,278
10,205
10,69
10,21
10,259
10,156
10,306
10,23
11,6
11,13
11,27
11,11
11,22
11,9
11,26
9,2
8,14
8,11
8,16
8,9
8,2
8,3
0,318
12,1
12,3
39,5
39,3
39,1
38,4
38,3
38,1
37,98
37,97
37,96
37,95
37,94
37,93
37,92
37,91
37,90
37,89
37,88
37,87
37,86
37,85
37,84
37,83
37,82
37,81
37,80
37,79
19,1
37,78
19,3
37,77
37,76
37,75
37,74
37,73
37,72
37,71
37,70
37,69
37,68
37,67
37,66
37,65
37,64
37,37
37,36
37,35
37,34
37,33
37,32
37,31
37,30
37,29
37,28
37,27
37,26
37,25
37,24
37,23
37,22
37,21
37,20
37,19
37,18
37,17
37,16
37,15
37,14
37,8
37,7
37,6
37,5
37,4
37,3
37,1
35,5
35,3
35,1
34,4
34,3
34,1
33,3
33,1
32,5
32,4
32,3
32,1
31,3
31,1
20,1
